646, 323
645, 322
645, 319
645, 319
644, 319
644, 320
646, 323
644, 326
643, 332
642, 333
641, 332
640, 332
639, 332
639, 330
638, 331
640, 332
637, 331
628, 331
619, 331
614, 330
610, 329
605, 328
602, 326
596, 326
590, 326
582, 326
577, 327
571, 327
569, 331
565, 333
559, 334
557, 334
559, 336
562, 335
564, 334
565, 335
571, 336
575, 336
581, 335
582, 335
586, 335
591, 333
598, 335
602, 335
607, 336
611, 336
615, 336
617, 336
617, 337
619, 337
622, 337
625, 338
627, 339
630, 340
634, 340
639, 339
644, 340
651, 339
657, 339
661, 339
664, 339
673, 338
681, 338
686, 337
690, 337
691, 337
697, 338
700, 338
705, 340
707, 340
706, 340
704, 342
696, 342
-1, -1
684, 341
-1, -1
676, 341
673, 341
667, 342
662, 344
658, 344
654, 343
650, 343
648, 344
644, 345
642, 348
639, 348
637, 348
636, 349
635, 347
634, 347
633, 344
634, 345
635, 346
636, 346
637, 342
638, 342
638, 343
637, 342
636, 342
