633, 360
633, 357
631, 357
629, 353
631, 356
634, 353
630, 359
631, 361
635, 358
638, 358
634, 361
632, 364
629, 361
631, 368
634, 369
636, 369
635, 368
635, 369
636, 365
-1, -1
635, 369
635, 371
640, 367
647, 367
652, 368
660, 368
667, 369
673, 368
676, 366
682, 368
-1, -1
-1, -1
700, 369
701, 368
702, 369
-1, -1
-1, -1
700, 372
699, 370
695, 367
689, 369
684, 367
680, 369
-1, -1
666, 369
665, 368
660, 368
655, 366
646, 367
643, 367
639, 365
639, 366
638, 367
634, 370
629, 369
630, 371
630, 370
632, 370
634, 369
633, 371
631, 371
624, 371
617, 372
609, 375
599, 379
588, 378
581, 379
571, 375
560, 372
549, 373
-1, -1
543, 372
541, 372
541, 372
539, 373
540, 374
542, 370
541, 372
545, 372
549, 374
558, 373
563, 374
566, 374
574, 374
577, 378
583, 376
593, 378
596, 378
601, 375
609, 375
617, 373
625, 374
632, 372
639, 373
642, 372
642, 371
643, 372
643, 371
639, 372
640, 375
