580, 327
581, 325
583, 326
585, 326
584, 323
583, 324
582, 323
582, 325
582, 325
581, 330
583, 326
583, 321
584, 322
584, 324
584, 326
584, 327
583, 329
584, 329
583, 330
583, 331
582, 330
584, 331
582, 330
582, 330
582, 331
583, 331
581, 331
582, 328
583, 323
583, 320
582, 320
584, 315
583, 314
584, 312
584, 312
585, 312
584, 312
582, 313
578, 315
580, 313
588, 311
594, 310
601, 308
605, 309
609, 311
610, 311
610, 313
610, 316
610, 311
609, 316
610, 314
608, 317
608, 312
609, 316
610, 318
612, 319
613, 321
615, 328
615, 332
617, 336
617, 341
618, 346
616, 353
616, 358
616, 359
614, 361
614, 361
614, 359
613, 359
612, 358
605, 357
599, 356
593, 353
585, 355
578, 355
571, 356
565, 356
560, 356
553, 356
548, 354
542, 355
538, 358
538, 358
543, 358
544, 357
546, 353
545, 351
546, 350
544, 347
543, 343
543, 337
542, 332
542, 327
545, 323
548, 313
553, 309
556, 310
561, 303
565, 305
564, 303
564, 300
561, 304
562, 302
561, 303
565, 306
567, 304
574, 305
580, 305
587, 305
589, 305
591, 307
591, 306
591, 305
591, 311
593, 309
593, 306
592, 306
591, 306
592, 306
590, 309
589, 312
588, 315
588, 319
588, 323
588, 330
588, 332
588, 336
589, 339
588, 340
588, 339
587, 338
586, 339
585, 337
584, 336
584, 336
585, 337
584, 335
585, 336
585, 336
