622, 364
623, 361
626, 362
626, 363
626, 362
625, 362
625, 364
625, 364
625, 364
625, 364
626, 363
626, 365
626, 367
626, 370
628, 375
627, 377
626, 379
627, 379
626, 382
626, 382
626, 381
626, 380
626, 380
626, 381
626, 382
627, 382
626, 382
627, 378
627, 371
626, 365
625, 359
626, 354
625, 349
626, 343
625, 343
627, 342
626, 343
623, 343
619, 345
623, 346
631, 343
642, 341
651, 340
656, 339
662, 339
664, 341
664, 341
663, 342
664, 342
662, 342
661, 342
660, 341
661, 340
661, 340
663, 345
663, 351
667, 359
668, 367
669, 378
669, 386
669, 391
668, 400
668, 412
666, 419
665, 425
665, 428
665, 425
665, 423
665, 421
664, 419
661, 418
655, 417
646, 417
635, 418
627, 417
619, 418
611, 419
602, 419
593, 417
583, 417
573, 417
569, 419
572, 419
575, 420
579, 419
579, 417
577, 416
576, 414
574, 411
572, 404
571, 396
571, 386
572, 377
574, 368
579, 356
582, 349
586, 341
588, 335
592, 332
595, 328
593, 327
592, 327
593, 327
592, 329
596, 330
603, 330
614, 333
622, 334
629, 334
633, 335
636, 337
637, 337
636, 336
637, 338
637, 338
637, 337
637, 335
637, 335
637, 337
636, 342
636, 350
635, 358
633, 363
635, 370
635, 382
635, 389
634, 393
635, 397
635, 398
634, 398
634, 397
633, 396
631, 394
630, 393
630, 393
631, 392
631, 392
632, 392
631, 392
