34.1958
30.2796
31.9693
32.3954
34.1602
34.5636
33.4713
34.7795
34.7665
29.4470
31.5174
34.7885
33.7574
33.1124
33.2591
33.5715
32.8710
39.3171
40.6656
37.1837
38.9378
36.2116
35.4937
33.4896
37.3553
37.3606
36.8048
34.9097
39.1790
35.5354
40.1848
36.7107
35.3027
32.6360
31.2163
31.1932
30.3395
30.1531
31.2637
33.9422
34.1793
30.0027
30.6712
28.8025
29.4721
30.9577
28.6294
22.9504
25.0394
27.6640
26.2804
26.6852
24.9054
27.8269
26.5354
30.3936
31.6896
29.5625
34.2371
30.8934
41.8724
38.1620
37.1101
38.8142
35.1446
33.3329
33.2695
35.2313
34.7012
32.6968
34.9641
38.5342
36.7787
36.5385
37.4957
38.0461
39.4326
37.8632
38.9648
38.4366
37.9518
34.7282
32.4754
33.7495
35.7074
37.1313
35.3667
34.3258
36.4310
36.9423
39.6048
38.5268
32.0787
29.6178
31.6844
29.4632
26.9517
22.4525
23.5306
23.2275
21.4373
20.9056
21.3316
20.8438
24.2660
24.6194
27.0962
27.7646
27.8415
30.0971
31.3069
31.5734
30.8729
24.9788
25.2442
28.7641
28.1240
28.4651
30.8460
30.2586
34.1777
36.5343
34.6107
35.3417
36.3749
36.8820
38.9932
36.4329
35.1388
37.0293
38.8119
41.2393
39.7950
39.4033
39.2506
36.0168
41.3912
38.3125
37.1290
