550, 330
550, 330
550, 330
550, 330
550, 330
550, 330
550, 330
550, 330
550, 330
550, 330
550, 330
550, 330
550, 330
550, 330
550, 330
550, 330
589, 383
589, 384
586, 383
582, 384
576, 390
575, 383
575, 383
566, 388
562, 384
561, 388
557, 384
557, 384
551, 391
551, 391
556, 385
556, 385
556, 385
556, 385
564, 394
568, 386
568, 386
574, 385
577, 389
577, 389
577, 389
577, 389
577, 389
591, 389
591, 389
591, 389
591, 389
591, 389
591, 389
591, 389
591, 389
591, 389
591, 389
591, 389
591, 389
591, 389
591, 389
591, 389
591, 389
591, 389
591, 389
591, 389
591, 389
591, 389
591, 389
591, 389
591, 389
591, 389
591, 389
591, 389
591, 389
591, 389
591, 389
591, 389
591, 389
591, 389
591, 389
591, 389
591, 389
591, 389
586, 391
586, 391
581, 390
581, 390
581, 390
581, 390
581, 390
590, 390
590, 391
590, 391
591, 392
592, 393
590, 392
590, 392
590, 392
590, 384
590, 384
590, 384
590, 384
590, 384
590, 384
590, 384
590, 384
590, 384
590, 384
590, 384
590, 384
590, 384
590, 384
590, 384
590, 384
590, 384
590, 384
590, 384
590, 384
590, 384
590, 384
590, 384
590, 384
590, 384
590, 384
590, 384
590, 384
590, 384
590, 384
590, 384
590, 384
590, 384
590, 384
590, 384
593, 399
591, 404
588, 412
590, 413
590, 417
591, 419
591, 419
590, 432
589, 436
589, 436
589, 445
589, 445
589, 442
589, 442
585, 440
586, 436
585, 433
582, 424
582, 419
581, 416
584, 409
585, 408
585, 408
585, 408
588, 392
588, 392
588, 392
588, 392
588, 384
588, 384
588, 384
588, 384
588, 384
588, 384
588, 384
588, 384
588, 384
588, 384
588, 384
