630, 467
630, 467
630, 467
630, 467
630, 467
644, 432
639, 429
639, 429
639, 429
639, 429
641, 421
641, 421
637, 427
636, 429
631, 426
631, 432
627, 430
624, 434
622, 432
616, 433
612, 433
604, 432
594, 432
589, 431
586, 433
583, 435
608, 433
571, 437
571, 436
575, 436
606, 434
577, 436
608, 435
584, 436
591, 434
595, 435
600, 436
607, 436
613, 435
616, 435
619, 435
624, 434
624, 434
624, 434
624, 434
624, 434
624, 434
624, 434
624, 434
624, 434
624, 434
624, 434
624, 434
624, 434
624, 434
624, 434
624, 434
624, 434
624, 434
624, 434
624, 434
624, 434
624, 434
624, 434
624, 434
624, 434
624, 434
624, 434
624, 434
624, 434
624, 434
624, 434
624, 434
624, 434
624, 434
624, 434
624, 434
624, 434
624, 434
624, 434
624, 434
634, 441
626, 440
620, 441
621, 442
627, 440
627, 440
634, 443
635, 443
634, 446
634, 448
634, 448
634, 448
634, 448
634, 448
634, 448
634, 448
634, 448
634, 448
634, 448
634, 448
634, 448
632, 404
632, 402
628, 398
631, 393
631, 393
631, 393
631, 393
635, 388
635, 391
635, 391
632, 390
632, 390
632, 390
632, 390
631, 396
631, 396
631, 396
631, 396
631, 396
637, 418
637, 418
637, 418
637, 418
637, 418
637, 418
637, 418
637, 418
637, 418
637, 418
637, 418
637, 418
637, 418
637, 418
637, 418
637, 418
637, 418
639, 519
639, 519
639, 519
656, 523
656, 523
656, 523
656, 523
656, 523
656, 523
656, 523
656, 523
656, 523
656, 523
656, 523
656, 523
656, 523
656, 523
636, 438
632, 430
632, 430
632, 430
632, 430
632, 430
632, 430
635, 422
635, 422
635, 422
635, 422
635, 422
635, 422
635, 422
