24.8494
22.2475
22.8613
23.6261
23.5218
21.1999
21.9350
22.7780
24.7567
22.9027
22.0852
22.7654
22.9048
21.1326
22.6516
25.9574
25.8712
23.9535
23.2608
23.7187
26.8899
25.4378
24.8519
24.7529
25.1790
24.8762
24.5309
25.7548
26.9176
23.9832
23.4181
23.5265
23.5775
24.2538
23.6709
24.7390
23.6597
25.4685
25.8527
25.9417
20.1488
20.2138
21.7962
24.6454
23.9528
22.4007
22.7437
21.5928
21.2453
21.4159
21.0648
21.0519
20.2753
20.4470
21.1143
19.0270
20.6601
4.8046
20.9356
5.0139
4.8041
20.7737
4.9611
4.5072
22.1516
5.2264
4.5166
4.7962
5.1468
4.5972
18.3187
20.9396
19.8738
19.9967
20.5436
21.0960
17.1232
18.0805
21.8967
23.6050
22.3973
25.2646
23.3734
25.3354
21.2762
20.3549
21.3043
23.8975
23.5130
25.5256
23.0903
22.4663
22.7654
22.8192
22.7410
23.6039
24.4029
24.6558
22.1234
21.2087
19.0569
19.0527
17.8746
18.7972
18.7458
17.9027
18.2045
18.4141
18.3239
17.1735
19.1357
18.4117
18.5065
17.2663
18.7340
19.5547
18.4979
17.8881
19.0718
18.4687
18.7893
19.9998
19.5185
20.3054
20.1416
22.1148
21.3804
20.9073
21.6459
20.3886
22.3857
19.5932
19.7219
19.5499
22.1471
19.4103
19.6047
21.2283
22.1908
20.3560
18.9657
19.4997
19.7040
19.1956
20.2100
21.0974
19.8162
19.8959
21.6884
20.3891
21.8594
20.7294
18.4173
19.8708
21.6331
23.1716
21.3737
22.5764
23.7324
21.2985
21.5757
22.4681
22.6187
20.7652
21.1801
21.2959
17.3274
19.5463
20.1092
