21.1578
17.6703
6.3039
18.1843
17.3706
5.8983
18.9790
18.8018
18.6088
17.6912
20.1533
6.1536
5.9331
5.8074
5.6710
6.0256
5.6767
6.0339
5.7241
6.0612
5.6967
5.8151
5.7476
5.8123
5.6769
5.9519
5.4856
5.4797
6.0167
5.6340
6.1008
14.8137
5.9460
5.9404
5.7929
5.9539
14.9255
15.8020
15.2480
16.5856
16.5780
17.1514
17.5359
17.7909
17.7704
18.0124
19.3765
19.3793
19.4125
19.9162
20.2020
19.7810
19.9194
19.9736
19.4459
6.1153
19.6723
20.3295
19.0554
20.2520
20.9408
20.9905
21.2034
22.2778
20.8061
21.7159
21.8001
23.0155
23.6854
20.7866
19.3497
19.2259
18.7496
19.1088
20.8103
6.1163
5.7892
6.0839
5.7087
6.1845
6.1184
6.1282
5.7609
6.1096
20.2434
6.0169
20.4708
19.6023
18.0158
18.7695
18.1817
17.1710
16.6728
6.0660
5.7301
5.9986
5.7232
5.8621
5.7041
5.7891
5.7540
5.9562
6.0367
5.7106
5.9579
5.6550
5.9468
5.7558
5.6763
5.6736
6.0269
5.6028
5.9863
5.6810
6.0926
5.9311
5.7863
6.1231
5.7626
6.0011
5.7081
6.1073
5.7416
5.9817
17.6976
19.7401
20.6097
6.1697
21.3446
20.8677
20.6811
20.6387
21.3260
20.8935
21.0562
