659, 289
660, 291
660, 291
657, 293
656, 292
656, 292
656, 293
658, 294
658, 292
658, 289
658, 285
658, 285
658, 285
658, 285
658, 285
658, 285
658, 285
658, 285
658, 285
658, 285
658, 285
658, 285
658, 285
658, 285
658, 285
658, 285
658, 285
658, 285
658, 285
658, 285
658, 285
658, 285
658, 285
658, 285
658, 285
658, 285
658, 285
658, 285
632, 281
629, 287
627, 291
629, 295
628, 299
628, 303
626, 311
625, 316
625, 319
624, 322
623, 324
623, 328
623, 329
622, 330
622, 331
622, 331
621, 333
621, 333
620, 333
621, 334
622, 335
624, 335
627, 339
631, 340
633, 340
634, 340
639, 337
642, 339
646, 339
648, 338
651, 338
654, 339
657, 339
660, 338
662, 338
667, 338
673, 337
673, 337
673, 337
673, 337
673, 337
673, 337
673, 337
673, 337
673, 337
673, 337
682, 324
682, 324
680, 317
680, 313
679, 306
677, 302
675, 297
674, 293
673, 290
673, 290
673, 290
673, 290
673, 290
673, 290
673, 290
673, 290
673, 290
673, 290
673, 290
673, 290
673, 290
673, 290
673, 290
673, 290
673, 290
673, 290
673, 290
673, 290
673, 290
673, 290
673, 290
673, 290
673, 290
673, 290
673, 290
673, 290
673, 290
673, 290
673, 290
673, 290
648, 282
650, 287
651, 292
651, 292
651, 299
652, 305
653, 309
654, 313
654, 316
653, 316
653, 318
