630, 267
635, 269
635, 269
635, 269
632, 270
632, 270
631, 270
631, 268
631, 270
632, 267
631, 263
631, 263
631, 263
631, 263
631, 263
631, 263
631, 263
631, 263
631, 263
631, 263
631, 263
631, 263
631, 263
631, 263
631, 263
631, 263
631, 263
631, 263
631, 263
631, 263
631, 263
631, 263
631, 263
631, 263
631, 263
631, 263
631, 263
631, 263
631, 263
631, 263
631, 263
631, 263
613, 275
612, 278
612, 278
612, 278
609, 286
609, 286
609, 286
607, 294
607, 294
603, 296
607, 296
605, 298
605, 298
605, 298
604, 298
604, 298
607, 298
609, 299
611, 300
611, 300
614, 301
617, 306
617, 303
623, 304
625, 303
626, 300
626, 300
632, 301
634, 302
634, 302
641, 301
645, 301
648, 302
648, 302
648, 302
648, 302
648, 302
648, 302
648, 302
648, 302
648, 302
648, 302
648, 302
648, 302
651, 285
652, 282
649, 279
647, 277
646, 273
643, 269
642, 268
642, 268
642, 268
642, 268
642, 268
642, 268
642, 268
642, 268
642, 268
642, 268
642, 268
642, 268
642, 268
642, 268
642, 268
642, 268
642, 268
642, 268
642, 268
642, 268
642, 268
642, 268
642, 268
642, 268
642, 268
642, 268
642, 268
642, 268
642, 268
642, 268
642, 268
642, 268
623, 265
626, 266
627, 270
627, 270
627, 273
628, 276
628, 278
627, 282
628, 282
629, 284
628, 285
