582, 327
584, 324
583, 324
584, 325
586, 321
587, 322
585, 324
583, 323
583, 322
590, 330
586, 325
586, 318
586, 319
586, 321
587, 324
586, 323
585, 326
584, 327
586, 330
585, 328
584, 328
584, 328
584, 327
584, 328
584, 329
584, 329
584, 329
585, 326
585, 322
587, 319
584, 320
584, 318
583, 316
584, 314
584, 313
584, 314
584, 313
586, 316
582, 317
580, 317
586, 314
596, 311
600, 309
606, 307
611, 307
616, 309
615, 308
615, 312
613, 311
613, 313
614, 313
611, 313
611, 312
612, 312
613, 313
616, 316
619, 319
621, 324
623, 329
622, 334
623, 336
622, 342
621, 347
620, 348
621, 350
620, 354
620, 353
620, 352
620, 350
619, 351
612, 350
611, 351
600, 351
591, 355
587, 357
578, 357
574, 360
569, 360
561, 358
553, 356
546, 357
543, 358
542, 363
546, 363
545, 360
545, 357
549, 355
550, 354
550, 353
549, 349
548, 349
546, 338
547, 331
549, 323
552, 316
557, 313
559, 309
562, 305
563, 303
566, 301
565, 301
563, 302
564, 301
563, 302
563, 304
570, 304
576, 307
579, 307
585, 303
587, 303
590, 306
591, 305
594, 304
602, 310
600, 310
594, 306
593, 305
596, 304
590, 304
592, 307
591, 310
594, 313
590, 316
590, 319
590, 325
590, 328
589, 329
591, 332
592, 333
591, 335
590, 336
589, 335
587, 334
587, 333
587, 333
587, 334
588, 334
589, 333
588, 334
