621, 357
623, 356
626, 357
626, 356
625, 356
625, 357
626, 359
624, 358
624, 356
624, 359
626, 358
627, 360
627, 362
628, 368
628, 373
627, 375
626, 375
627, 376
627, 379
627, 382
626, 379
626, 378
626, 378
627, 385
627, 381
627, 381
627, 381
627, 376
626, 368
627, 360
628, 349
629, 344
630, 337
629, 334
629, 331
629, 329
629, 331
629, 332
624, 332
626, 333
630, 332
641, 332
645, 328
649, 334
656, 334
662, 338
662, 341
663, 338
663, 335
665, 335
665, 336
664, 337
665, 336
664, 336
664, 336
666, 344
669, 352
671, 362
672, 374
673, 383
674, 387
674, 396
673, 408
673, 414
674, 423
672, 425
668, 427
669, 424
670, 427
671, 420
665, 419
661, 423
655, 426
644, 429
633, 423
630, 429
624, 428
618, 427
610, 425
601, 425
591, 428
588, 426
578, 430
577, 428
578, 427
580, 427
581, 424
582, 424
582, 421
579, 416
577, 409
576, 401
577, 392
578, 383
581, 374
584, 366
586, 360
589, 353
590, 352
592, 349
591, 348
590, 350
590, 347
591, 349
593, 350
600, 331
609, 319
615, 323
625, 325
630, 326
634, 329
635, 329
635, 330
636, 332
636, 333
635, 330
636, 328
636, 327
635, 329
634, 333
634, 343
635, 353
636, 360
635, 371
637, 383
638, 387
638, 395
639, 400
639, 404
638, 406
636, 403
636, 402
635, 401
632, 401
631, 400
631, 401
632, 402
633, 402
632, 399
