602, 387
603, 387
601, 385
600, 383
600, 383
599, 381
599, 380
599, 380
598, 377
597, 375
597, 376
597, 378
596, 381
595, 383
594, 384
592, 383
590, 383
589, 386
585, 386
582, 387
578, 387
573, 388
567, 387
563, 387
559, 390
558, 392
555, 391
549, 392
549, 395
551, 395
552, 393
553, 397
554, 396
557, 395
562, 392
565, 392
569, 392
574, 391
579, 389
581, 389
583, 396
586, 394
588, 390
591, 387
594, 388
595, 389
594, 389
597, 390
601, 389
602, 386
603, 387
605, 386
608, 386
610, 385
611, 384
613, 388
616, 389
621, 389
625, 387
633, 390
635, 390
636, 390
637, 389
637, 390
637, 390
636, 390
635, 388
635, 391
632, 389
628, 389
626, 390
620, 392
618, 386
616, 386
617, 385
619, 389
619, 391
613, 391
607, 391
597, 390
591, 388
593, 392
587, 393
584, 390
584, 396
589, 399
591, 392
595, 392
594, 391
592, 390
593, 392
593, 390
594, 391
593, 390
593, 389
592, 384
592, 384
592, 381
593, 379
593, 378
593, 377
595, 379
591, 379
590, 376
591, 373
592, 372
591, 369
592, 368
592, 368
592, 369
594, 368
595, 369
596, 368
596, 370
596, 372
596, 372
597, 374
598, 377
597, 376
598, 376
597, 379
595, 381
595, 383
596, 385
596, 389
599, 391
598, 395
596, 398
594, 398
594, 401
594, 401
592, 405
593, 411
592, 412
592, 415
592, 417
592, 423
591, 426
590, 433
589, 436
589, 440
592, 441
593, 441
593, 440
592, 437
590, 433
589, 430
586, 426
586, 420
587, 415
587, 411
589, 409
588, 407
587, 400
589, 393
591, 389
591, 387
591, 386
591, 386
591, 385
593, 385
594, 382
595, 378
593, 375
590, 376
590, 377
597, 384
597, 382
597, 380
