646, 428
648, 426
648, 425
647, 431
646, 438
646, 430
646, 424
643, 433
643, 435
641, 435
642, 439
640, 442
640, 444
639, 445
637, 445
635, 440
631, 433
630, 425
625, 424
624, 426
619, 426
611, 426
603, 424
597, 424
593, 424
589, 425
586, 426
579, 429
580, 430
581, 430
583, 430
583, 438
584, 432
587, 434
592, 433
597, 431
603, 433
610, 432
616, 445
619, 447
621, 450
626, 450
630, 452
633, 452
634, 454
637, 452
640, 453
641, 454
649, 450
652, 450
654, 452
655, 453
658, 451
662, 451
665, 448
671, 438
677, 427
680, 424
685, 420
692, 418
695, 419
695, 420
697, 420
696, 418
697, 420
696, 421
696, 417
695, 418
692, 418
689, 417
685, 419
678, 415
675, 423
670, 425
668, 430
666, 430
664, 433
657, 434
649, 439
642, 445
638, 452
637, 457
629, 456
626, 455
622, 455
629, 456
635, 457
638, 457
636, 458
636, 459
637, 460
638, 462
637, 462
636, 459
635, 456
635, 452
635, 455
634, 451
634, 448
635, 443
634, 439
634, 436
632, 428
630, 422
631, 419
630, 413
631, 412
632, 413
634, 406
634, 407
635, 408
636, 410
636, 409
637, 410
637, 413
638, 417
637, 420
639, 420
638, 424
640, 431
638, 433
640, 434
640, 439
642, 444
642, 448
643, 443
643, 452
641, 462
640, 467
638, 470
639, 474
640, 481
642, 488
641, 495
643, 497
641, 501
641, 507
642, 512
644, 520
644, 524
642, 528
644, 528
642, 529
642, 527
639, 524
636, 520
637, 515
635, 514
633, 505
634, 498
634, 489
634, 486
632, 479
637, 468
635, 460
638, 454
638, 449
638, 443
638, 446
640, 444
641, 443
642, 438
644, 435
641, 428
637, 419
637, 412
641, 413
645, 412
647, 415
