17.1516
6.5612
6.7675
5.6336
8.6905
8.1409
8.7549
8.7217
8.8766
8.7672
8.7849
8.5179
8.3753
8.7084
8.8925
8.6986
8.7346
8.8097
7.1144
5.6957
9.2668
8.7145
8.6941
8.8502
7.0021
8.3306
8.7267
8.7757
5.1612
8.8570
8.7677
7.0279
8.2138
6.0464
5.5921
9.3082
8.0722
8.7529
8.4974
8.7586
6.8739
8.1712
6.9363
8.4227
8.9016
7.0849
5.7086
9.3294
8.7718
7.2001
5.8147
9.2044
8.7442
8.9258
8.7441
8.7238
8.8721
7.0091
5.6075
8.5592
8.0597
8.7967
8.9056
8.8148
8.8105
8.8603
6.9348
5.4134
8.6240
8.0174
8.7345
8.8390
8.7386
8.7402
8.8755
8.8236
7.3294
5.9054
9.1048
8.7064
5.2457
8.2150
8.7454
8.9068
8.7556
7.1256
5.7279
9.1871
8.7669
8.9001
8.7691
7.0908
5.7781
9.2282
8.8049
8.9132
8.7864
7.2166
5.7931
9.2074
8.7404
8.9294
8.7837
8.7489
8.8730
8.7905
7.0960
5.6862
8.3653
8.0325
8.8604
8.7631
8.7563
8.8842
8.7554
7.1097
8.4878
8.7735
7.1736
5.7430
9.2047
8.7533
8.9171
8.7846
5.5760
6.3126
8.6616
8.1452
9.0160
8.7369
8.7591
8.8956
7.1057
8.3943
8.8645
8.2359
6.0507
8.8706
8.7344
8.7200
8.8510
8.7436
8.6982
8.8267
7.0148
6.4040
5.2737
6.9191
8.2244
6.9611
5.6574
8.6272
8.1521
8.7426
8.7044
8.8862
8.7568
8.7180
8.8725
6.9887
5.4772
8.8847
6.8620
7.2445
8.9955
8.3809
8.7347
8.8568
8.7508
