636, 268
635, 269
637, 269
635, 268
633, 269
633, 269
633, 269
633, 269
634, 269
636, 267
635, 264
634, 262
633, 259
633, 259
633, 258
632, 256
631, 255
631, 255
632, 255
633, 255
633, 255
631, 255
628, 254
628, 255
627, 255
626, 256
625, 256
625, 256
623, 255
622, 256
623, 256
622, 255
622, 255
623, 255
622, 255
621, 258
620, 259
618, 261
617, 263
615, 265
614, 267
613, 270
612, 273
612, 276
611, 278
609, 283
608, 286
607, 289
606, 292
606, 294
605, 295
604, 295
604, 297
603, 298
603, 300
603, 301
603, 302
603, 301
606, 305
608, 306
608, 303
611, 303
613, 303
615, 301
618, 300
622, 299
624, 298
627, 297
629, 297
632, 297
635, 297
638, 300
642, 298
645, 297
649, 297
651, 296
655, 296
658, 296
660, 296
660, 296
659, 295
664, 298
661, 298
656, 296
657, 291
656, 288
655, 285
655, 282
653, 280
651, 277
648, 271
648, 269
648, 266
647, 263
646, 262
645, 261
644, 259
642, 257
641, 256
639, 256
638, 255
638, 254
639, 255
640, 255
640, 255
638, 256
637, 255
635, 255
635, 256
633, 258
630, 258
627, 259
626, 259
626, 260
624, 258
622, 258
620, 259
620, 259
620, 258
622, 258
624, 259
625, 262
626, 261
625, 260
626, 262
627, 264
628, 266
629, 268
629, 271
630, 273
630, 276
630, 279
630, 281
630, 281
629, 283
