657, 293
659, 291
658, 292
658, 292
658, 292
657, 292
658, 292
659, 293
658, 290
659, 289
658, 284
658, 279
658, 273
656, 269
656, 267
655, 265
654, 264
654, 263
655, 263
655, 263
655, 263
653, 263
649, 263
646, 264
645, 264
643, 265
640, 266
639, 266
636, 265
635, 265
635, 266
635, 265
634, 266
633, 268
633, 270
633, 272
631, 276
629, 277
628, 279
627, 284
626, 288
625, 293
624, 297
625, 302
624, 306
623, 310
622, 313
622, 316
622, 320
622, 324
622, 329
623, 332
622, 332
622, 334
621, 334
620, 333
620, 335
621, 336
622, 335
625, 336
627, 335
630, 338
632, 340
635, 340
639, 340
644, 340
646, 341
650, 344
652, 345
656, 344
658, 344
661, 343
665, 345
671, 344
675, 340
679, 338
684, 336
685, 335
685, 335
686, 335
686, 334
685, 335
683, 332
681, 330
681, 327
682, 321
682, 319
682, 316
681, 314
680, 310
678, 307
677, 303
678, 301
678, 298
677, 295
676, 293
674, 291
673, 290
673, 286
672, 284
672, 283
670, 284
671, 283
671, 273
671, 266
668, 267
666, 269
662, 271
661, 271
657, 272
654, 273
651, 272
649, 273
646, 273
644, 273
640, 273
636, 274
637, 275
639, 275
642, 274
644, 275
646, 275
647, 275
648, 275
648, 279
649, 286
651, 290
652, 293
653, 297
652, 301
653, 305
654, 310
654, 314
654, 315
654, 316
