16.4618
6.0704
7.1546
8.5757
8.8353
6.9175
8.4878
7.0437
8.5404
7.0100
7.2808
8.7145
8.7155
8.7098
6.7835
7.6742
7.6904
6.8629
8.3443
6.6549
8.4340
7.6662
6.5994
8.4905
7.9902
6.9833
8.4696
6.8954
8.3525
7.9432
8.6703
6.8651
8.3608
6.6421
5.9850
9.2224
8.0261
7.1212
5.5175
8.8770
7.9996
8.7038
6.8847
8.3711
6.7073
8.3721
8.3028
7.1080
8.3399
6.6843
5.6477
9.1499
8.3266
8.7275
6.8754
8.3474
6.6771
7.6542
8.4293
8.7081
6.8043
7.9789
8.7412
8.3498
6.8337
7.1319
9.1524
8.7622
6.8961
6.4985
8.7148
6.6560
8.1464
7.6826
6.7176
8.1629
8.3932
8.7208
6.8426
6.8793
9.5791
8.3143
6.8299
6.8713
9.5652
8.3996
6.8522
8.3508
6.6451
8.2769
8.3347
8.7403
6.8423
8.0722
8.3425
8.7624
8.7295
6.7902
8.3421
6.6099
8.5254
8.3686
8.7949
8.4426
8.6493
8.7017
8.6578
8.7280
6.8622
5.5413
8.9220
8.3225
8.7254
8.3643
8.0098
8.7185
6.7490
5.6964
9.2581
8.3370
8.7131
8.7546
6.7936
5.6625
8.9212
8.3464
8.7418
6.8496
7.9923
8.7053
8.7696
8.7438
8.6586
6.5924
5.8936
