582, 325
585, 323
587, 324
589, 324
588, 321
588, 322
586, 322
585, 323
585, 322
590, 331
588, 324
587, 319
587, 319
588, 322
588, 324
587, 325
586, 326
587, 328
587, 329
586, 329
586, 327
587, 328
586, 328
586, 328
586, 329
586, 328
586, 329
587, 326
587, 322
586, 320
585, 317
584, 317
584, 315
585, 313
587, 313
587, 313
585, 313
582, 314
580, 315
583, 314
588, 313
594, 311
599, 309
602, 308
607, 308
610, 309
611, 308
614, 313
611, 310
612, 310
612, 310
610, 311
611, 310
610, 310
613, 313
615, 315
619, 318
619, 323
620, 329
620, 334
622, 339
621, 344
621, 350
621, 352
622, 355
621, 357
621, 355
621, 353
622, 352
620, 351
620, 349
616, 348
611, 348
602, 352
591, 357
586, 354
580, 357
572, 361
565, 362
560, 361
554, 363
548, 363
551, 373
552, 369
549, 360
548, 357
547, 351
546, 349
546, 348
544, 345
545, 341
545, 337
545, 328
549, 322
552, 318
556, 314
560, 309
565, 305
567, 302
569, 301
567, 300
565, 301
563, 302
564, 302
566, 303
572, 302
577, 303
581, 304
587, 303
588, 304
591, 306
591, 306
590, 305
602, 312
598, 310
594, 307
593, 306
591, 306
592, 307
591, 309
592, 311
593, 314
592, 316
591, 320
593, 326
592, 330
592, 334
593, 337
594, 338
593, 337
592, 337
590, 336
590, 335
588, 334
589, 333
589, 333
589, 332
590, 333
589, 333
