622, 357
623, 354
625, 354
626, 355
625, 355
625, 354
624, 356
623, 357
624, 356
624, 355
625, 356
626, 357
626, 360
627, 364
628, 369
627, 371
626, 373
627, 374
627, 376
627, 377
626, 377
627, 375
627, 376
627, 378
627, 379
628, 380
627, 379
627, 375
627, 364
626, 359
626, 353
625, 347
624, 339
626, 333
625, 332
624, 331
625, 331
622, 336
619, 337
622, 335
630, 331
641, 326
648, 323
654, 321
660, 321
663, 327
664, 327
664, 330
662, 330
662, 331
662, 330
661, 329
662, 329
662, 328
663, 333
664, 339
668, 348
669, 357
672, 364
672, 374
673, 380
673, 386
672, 396
671, 398
672, 408
672, 410
671, 416
672, 417
672, 415
672, 415
668, 412
663, 412
658, 415
650, 414
643, 412
638, 418
632, 418
625, 417
619, 409
611, 409
600, 410
593, 407
591, 407
587, 406
578, 409
574, 412
573, 409
572, 405
571, 402
569, 396
568, 387
569, 377
574, 382
579, 380
581, 371
584, 365
586, 360
589, 356
592, 352
593, 350
593, 347
594, 348
592, 349
593, 348
596, 346
602, 349
609, 351
616, 353
624, 352
629, 353
633, 354
636, 340
635, 329
638, 330
637, 330
636, 327
634, 325
635, 322
634, 325
634, 330
634, 341
634, 348
633, 354
634, 367
635, 379
636, 383
636, 387
636, 391
636, 393
636, 392
635, 391
634, 391
632, 390
632, 388
631, 388
631, 388
632, 387
632, 387
632, 387
