17.6714
9.0673
9.8340
10.2137
7.0826
12.0703
11.4568
10.4404
10.7053
10.9384
9.6640
9.7148
9.7329
10.6400
11.0130
9.7094
9.6199
9.7003
9.1727
10.0230
10.2720
11.0385
9.8799
9.2571
10.0340
10.1703
11.1076
9.7809
9.7763
10.7095
10.9940
9.7528
9.0367
9.9389
9.6267
9.7274
9.6377
9.6871
10.6700
10.9818
9.6917
9.0873
9.6631
9.6139
10.1044
9.6770
9.6877
10.6810
11.0316
9.7248
9.7716
9.6615
9.5366
9.6844
10.5448
10.9157
9.7945
9.7040
9.5996
9.6721
10.6038
10.9455
9.9937
10.6398
10.9326
9.8119
10.5115
10.9453
9.8468
9.7986
9.5563
10.7920
10.9568
9.6624
9.7855
9.6553
9.5380
10.6914
10.9825
9.6773
9.7560
9.6575
9.5242
10.6996
11.0099
9.6715
9.2397
11.0111
10.9118
9.8409
9.6737
9.5665
9.2692
10.1373
10.7623
10.3967
10.5921
10.9513
9.8681
9.6918
9.3294
10.0236
10.5642
10.8813
9.7732
9.6227
9.5662
9.6856
9.6022
9.5228
10.7052
10.9747
9.6662
9.7446
9.6821
9.5369
10.6686
10.9687
9.6772
9.7041
9.5776
9.5605
9.1363
9.7147
9.7488
9.8719
9.8138
9.9231
12.1715
11.4344
10.0652
9.8115
9.6152
9.2631
9.9446
9.6022
9.5113
10.6747
10.9810
