604, 388
603, 387
601, 387
600, 386
602, 385
599, 384
597, 385
600, 385
596, 378
597, 377
598, 377
600, 379
597, 381
595, 383
594, 383
592, 385
592, 385
592, 385
587, 385
583, 387
579, 387
576, 387
568, 386
565, 387
564, 387
560, 389
557, 388
551, 390
551, 392
553, 391
555, 390
559, 394
560, 394
561, 392
564, 390
568, 389
571, 389
575, 390
581, 389
580, 387
587, 397
589, 394
589, 391
591, 388
595, 386
596, 388
593, 388
596, 389
601, 388
601, 387
603, 388
604, 388
607, 387
608, 387
611, 387
615, 387
619, 388
622, 388
625, 388
631, 388
633, 387
633, 388
634, 388
635, 388
635, 388
634, 388
634, 387
633, 388
630, 389
628, 389
623, 389
619, 388
615, 390
613, 388
612, 388
611, 387
618, 393
614, 394
609, 391
599, 392
594, 390
592, 392
587, 393
583, 392
587, 399
592, 399
593, 394
593, 390
593, 390
593, 390
593, 391
593, 391
594, 392
592, 391
592, 387
593, 385
593, 383
593, 381
593, 380
594, 379
593, 379
595, 379
592, 378
591, 376
592, 374
591, 372
590, 371
591, 370
594, 368
591, 369
593, 370
594, 371
594, 370
594, 370
593, 372
593, 373
598, 374
598, 375
596, 376
602, 379
596, 380
594, 381
596, 382
595, 387
595, 389
598, 393
598, 395
596, 398
595, 398
595, 400
593, 398
591, 402
591, 407
590, 412
593, 414
592, 416
592, 421
590, 427
590, 434
590, 437
589, 441
590, 440
589, 440
589, 439
587, 435
589, 433
589, 429
586, 425
586, 421
586, 413
587, 410
589, 409
593, 409
589, 400
588, 393
590, 388
590, 386
589, 385
588, 384
590, 385
592, 384
593, 381
591, 378
592, 376
590, 375
591, 376
599, 384
602, 383
597, 380
