650, 424
650, 423
650, 423
649, 425
651, 423
649, 420
648, 421
648, 419
645, 413
646, 406
648, 409
649, 411
646, 415
646, 416
643, 419
641, 417
640, 417
637, 419
635, 420
632, 422
627, 423
619, 422
612, 423
606, 422
600, 424
594, 423
589, 425
581, 428
581, 429
582, 435
585, 435
586, 435
588, 435
591, 436
595, 438
601, 435
605, 434
613, 438
620, 438
624, 431
627, 432
631, 426
635, 423
638, 427
642, 427
645, 428
646, 426
649, 424
654, 424
655, 429
656, 431
658, 432
660, 430
663, 425
670, 424
674, 418
680, 412
684, 413
686, 416
691, 418
693, 420
693, 420
694, 422
694, 425
694, 425
694, 422
693, 423
693, 422
691, 421
689, 418
684, 418
677, 420
674, 418
672, 419
668, 424
665, 428
664, 430
659, 429
656, 429
648, 429
646, 430
642, 430
638, 429
633, 428
631, 431
636, 432
641, 432
643, 434
644, 432
644, 435
644, 435
643, 436
645, 434
644, 432
644, 427
644, 424
643, 421
644, 416
644, 409
643, 404
640, 402
640, 399
639, 394
639, 390
637, 389
636, 384
637, 384
638, 383
639, 378
638, 381
638, 384
639, 384
639, 385
639, 384
639, 388
641, 389
643, 391
644, 390
644, 393
646, 404
646, 404
645, 403
646, 408
646, 417
647, 422
649, 429
649, 434
648, 438
648, 441
648, 446
647, 457
646, 464
646, 471
646, 482
646, 487
645, 492
645, 501
644, 505
642, 514
643, 515
643, 519
643, 520
641, 520
641, 517
640, 513
640, 509
640, 507
638, 504
636, 500
637, 498
638, 490
638, 486
639, 480
640, 473
640, 469
641, 463
641, 458
641, 456
641, 455
643, 455
645, 454
645, 449
644, 442
643, 440
642, 437
642, 441
644, 439
647, 439
648, 434
