17.4890
9.1069
9.6756
11.5889
10.1678
9.1257
9.7860
10.0333
10.8427
10.9792
9.6971
10.8933
10.9437
9.6851
10.7852
10.7947
9.9920
10.7788
11.0369
9.6336
9.8684
10.2601
11.0565
9.8986
9.7106
10.7246
11.1138
9.7476
9.5669
8.9505
9.5784
9.7590
9.9244
9.9081
10.0856
11.5128
10.1814
9.6111
9.1949
9.6664
9.7960
9.9456
11.3425
10.4879
9.7659
10.2440
11.0423
9.9291
9.7191
9.6165
10.3807
11.1116
9.7643
9.7899
8.8630
9.6883
9.9758
9.7417
9.6242
10.4137
11.1357
9.8028
9.7796
10.2813
11.0524
9.8836
9.8017
10.6971
10.8710
9.9287
9.6372
10.4604
8.7080
8.8363
8.2256
9.5847
10.3959
9.3770
9.7298
9.7075
9.5811
9.7200
10.9348
10.5024
10.4316
9.4973
9.8398
9.5318
11.0348
10.4853
9.8635
9.6860
9.3844
10.2740
8.9878
11.3736
10.3234
9.4622
9.8374
9.7346
9.7962
9.1928
10.1629
10.2985
10.8458
9.7826
9.4108
10.0270
10.2893
10.9668
9.6102
9.7619
9.7702
9.1887
9.6843
9.5873
10.7996
8.7545
8.8906
10.2096
12.0576
11.3443
10.1988
9.7138
9.6280
10.3826
11.1667
9.7495
9.7811
10.6457
10.8483
9.8289
9.7081
9.1823
10.2507
10.2918
10.9322
9.8315
9.6967
10.7413
10.8764
9.8616
9.6409
10.4062
11.1127
9.7908
9.7933
10.2808
11.0654
9.9166
9.9783
10.7123
10.8054
9.8220
9.7042
9.8087
9.9852
10.8076
10.2641
9.7419
9.6235
10.4518
11.0746
9.7583
9.8287
10.3309
11.0918
9.8859
9.7512
