634, 269
633, 269
634, 268
633, 268
633, 268
632, 268
633, 268
634, 269
634, 268
634, 266
634, 263
633, 260
632, 258
632, 256
632, 256
632, 255
631, 255
631, 254
631, 254
632, 254
632, 254
631, 255
628, 254
627, 255
627, 254
626, 255
624, 255
624, 255
622, 255
621, 255
622, 255
622, 255
622, 255
621, 255
622, 256
621, 259
619, 260
617, 262
616, 263
615, 265
614, 268
612, 270
612, 273
611, 276
610, 279
608, 282
607, 285
606, 288
606, 290
606, 293
605, 294
605, 295
605, 296
604, 297
603, 299
605, 301
608, 304
607, 304
610, 307
611, 307
613, 306
614, 306
613, 303
614, 302
618, 301
621, 300
624, 299
626, 299
629, 299
631, 298
635, 300
639, 302
641, 299
645, 298
648, 298
652, 297
656, 297
658, 298
659, 298
660, 296
659, 296
664, 299
663, 299
655, 295
657, 291
656, 288
654, 284
653, 280
652, 276
650, 273
648, 270
647, 268
646, 265
645, 262
644, 262
643, 261
642, 258
640, 256
638, 256
637, 255
637, 254
638, 253
639, 253
640, 254
640, 254
638, 255
637, 255
635, 256
633, 257
632, 257
629, 258
627, 258
626, 258
625, 258
624, 258
622, 258
618, 259
619, 260
620, 259
622, 259
624, 259
624, 263
625, 260
625, 261
625, 263
627, 265
628, 267
628, 269
629, 271
629, 274
630, 276
629, 279
629, 281
629, 282
629, 283
