661, 290
664, 289
665, 289
665, 289
664, 290
663, 291
660, 292
660, 292
659, 291
660, 288
660, 287
659, 282
659, 278
658, 274
657, 270
656, 265
655, 263
654, 263
655, 263
656, 263
656, 263
654, 262
649, 263
646, 264
645, 264
643, 266
641, 267
639, 266
636, 267
635, 267
635, 267
635, 267
635, 267
634, 268
633, 270
633, 273
631, 276
629, 278
628, 280
627, 285
627, 289
626, 293
626, 296
625, 303
626, 306
625, 310
625, 314
625, 319
625, 323
624, 327
624, 328
624, 328
623, 330
622, 330
621, 329
623, 329
623, 330
623, 331
624, 331
626, 333
628, 333
630, 336
633, 336
636, 339
640, 338
644, 338
648, 339
651, 340
654, 341
657, 343
658, 339
663, 339
668, 341
671, 341
676, 339
681, 336
685, 335
685, 335
687, 333
687, 334
688, 335
687, 333
684, 332
683, 329
684, 326
683, 323
683, 319
683, 316
683, 311
681, 307
679, 303
677, 298
677, 295
676, 292
675, 287
675, 283
673, 281
672, 278
672, 272
670, 269
669, 265
670, 264
670, 264
671, 265
671, 266
668, 267
666, 270
662, 270
660, 270
658, 271
654, 271
652, 271
650, 271
647, 274
644, 274
641, 274
636, 276
636, 277
638, 276
642, 275
644, 275
645, 277
647, 277
647, 276
647, 279
649, 285
650, 290
651, 293
652, 297
652, 301
654, 306
655, 310
656, 316
656, 316
655, 318
