18.5604
9.2822
9.8437
10.3160
9.9568
9.9175
9.9117
9.9213
9.9099
9.8625
9.8662
9.8827
9.8545
9.9277
9.8436
9.8683
9.8741
9.5566
10.2498
9.8733
9.8838
9.8491
9.8910
9.8550
9.8569
9.8741
9.6040
10.2055
9.8795
9.8847
9.8855
9.8723
9.8445
9.8761
9.8636
9.8547
9.8608
9.5322
10.4376
9.8023
9.8922
9.7877
9.8490
9.8448
9.9015
9.8493
9.8913
7.4223
8.2156
10.7607
10.1625
9.8488
9.8805
9.8677
10.0041
11.0702
11.1066
10.1640
9.7966
9.8278
9.8327
9.8525
9.8473
9.5522
10.4725
9.7980
9.7874
9.7970
10.0110
9.8004
9.8420
9.8723
9.8745
9.8594
9.8822
9.8995
9.8521
9.8916
9.8646
9.8711
9.8531
9.8266
9.8616
9.8633
9.8866
9.9029
9.9833
9.6197
9.9336
9.8959
9.9125
9.8620
9.8863
9.9366
9.8492
9.8354
9.8577
10.0018
9.8325
9.8623
9.8307
9.8292
9.8548
9.5288
10.4091
9.5090
10.2935
10.6727
11.1782
9.9624
9.9249
9.9168
9.9030
9.8860
9.5662
10.4660
9.8050
9.9885
9.7600
9.8257
9.8128
10.1790
10.6591
11.2117
10.1928
9.8855
9.9928
9.8135
9.8470
9.8349
9.8579
9.8024
9.8346
9.9317
9.5457
