579, 328
580, 326
582, 326
584, 327
584, 324
583, 324
582, 326
582, 326
581, 325
589, 331
584, 327
584, 322
583, 323
584, 325
584, 326
584, 327
583, 329
582, 330
583, 330
583, 331
583, 332
582, 329
583, 332
583, 332
582, 332
583, 333
583, 330
582, 329
582, 326
583, 324
583, 320
582, 317
584, 316
585, 314
586, 314
586, 313
585, 314
583, 316
582, 315
582, 315
587, 312
593, 310
601, 308
605, 308
609, 307
609, 308
610, 309
611, 314
610, 312
609, 312
609, 312
608, 313
609, 312
609, 312
610, 314
611, 317
613, 321
615, 326
616, 329
618, 334
619, 337
619, 343
618, 349
619, 351
617, 353
618, 357
617, 354
618, 354
617, 353
617, 353
613, 352
609, 350
599, 352
587, 355
579, 355
571, 355
566, 357
561, 357
553, 355
548, 355
545, 357
544, 359
544, 367
542, 363
547, 357
548, 356
548, 351
547, 349
548, 346
544, 343
544, 339
543, 333
546, 328
548, 323
552, 317
555, 312
558, 309
563, 308
564, 303
564, 302
564, 299
563, 299
562, 299
563, 300
564, 304
570, 304
577, 305
582, 305
586, 303
589, 303
590, 305
591, 304
591, 304
603, 310
593, 310
592, 306
592, 304
591, 304
591, 305
591, 306
591, 312
589, 315
589, 318
587, 321
588, 326
588, 330
588, 334
588, 336
588, 338
589, 339
588, 340
585, 337
584, 333
584, 334
584, 335
584, 332
585, 329
585, 332
584, 331
