620, 363
622, 357
624, 361
625, 360
624, 360
624, 361
624, 362
624, 363
623, 361
623, 363
625, 362
626, 364
628, 365
627, 369
628, 373
627, 376
624, 378
623, 380
623, 380
623, 382
625, 379
623, 387
624, 379
626, 380
624, 383
625, 382
622, 397
624, 385
624, 372
625, 365
625, 358
624, 353
624, 347
624, 341
626, 339
625, 339
624, 340
622, 340
620, 342
622, 342
630, 338
641, 334
651, 330
656, 330
661, 329
665, 333
665, 341
665, 340
665, 333
666, 332
665, 337
664, 332
665, 332
665, 331
666, 336
668, 344
671, 352
671, 360
671, 370
671, 380
670, 389
669, 394
668, 406
668, 414
667, 424
665, 434
665, 432
666, 430
669, 428
669, 427
665, 427
660, 426
651, 426
640, 424
631, 424
623, 427
616, 427
608, 431
595, 427
587, 425
582, 427
579, 429
575, 433
575, 431
578, 429
578, 427
578, 425
577, 421
576, 421
576, 415
576, 411
575, 402
574, 396
576, 385
579, 375
581, 369
586, 362
587, 354
590, 351
591, 348
588, 347
588, 347
588, 347
590, 347
594, 324
600, 322
610, 323
617, 326
622, 324
627, 327
632, 330
633, 331
632, 330
632, 333
633, 330
633, 329
633, 327
633, 327
634, 332
634, 339
635, 345
635, 354
634, 361
635, 369
636, 382
637, 387
636, 392
634, 404
635, 399
635, 406
634, 408
635, 411
635, 407
632, 408
631, 406
631, 407
630, 405
629, 394
627, 390
