16.0443
6.6580
6.1260
9.1442
9.0958
9.1089
9.0705
7.2909
8.6779
7.2904
8.6662
7.2714
8.6742
7.2660
8.6924
7.3058
8.6913
9.1013
7.2445
8.6910
7.2859
8.6757
7.2771
8.7506
9.0627
7.2010
8.6785
7.1827
8.6752
7.1898
8.6673
7.1937
8.6861
7.2109
8.6854
7.1835
8.6842
7.1825
8.6557
7.1925
5.7641
8.6864
8.6471
9.0457
9.0427
9.0574
7.1828
5.6206
9.0799
8.3042
9.0516
7.5018
8.2975
9.0491
7.2126
8.6660
7.2158
8.6518
7.2122
8.6838
7.2306
8.6923
7.2158
8.0046
6.8864
8.5934
8.7104
9.0756
9.1240
9.1013
7.3424
8.7277
7.3700
8.7200
7.1577
8.3888
6.9046
8.3794
8.3429
9.0571
9.0810
7.2097
6.8667
8.2805
6.8514
8.3569
8.0040
9.1844
9.0859
9.0945
9.2412
9.1060
9.0876
9.2332
9.1051
9.0808
9.2497
9.0849
9.0832
9.2367
9.0861
9.0715
9.2375
9.1087
9.0672
9.2230
9.0658
9.0357
9.2079
9.0652
7.4090
8.8222
9.0613
7.5778
8.4709
9.0858
9.0865
9.2236
9.0885
9.2014
7.6114
8.3163
9.0606
9.1712
9.0971
9.1070
9.2536
9.0983
9.1399
9.2134
9.1308
9.2365
9.0859
7.2625
8.6878
7.2978
8.0281
6.9531
8.3833
