599, 387
600, 390
598, 388
596, 387
596, 386
596, 386
593, 385
593, 384
593, 378
594, 378
595, 380
594, 384
595, 385
593, 387
592, 386
589, 387
589, 387
590, 387
586, 387
582, 388
577, 388
572, 387
566, 388
564, 386
562, 387
561, 388
558, 388
553, 390
554, 393
553, 392
555, 391
557, 395
557, 396
561, 393
565, 390
567, 390
572, 388
577, 390
580, 387
580, 386
587, 397
588, 394
588, 390
589, 388
591, 387
593, 389
589, 389
591, 389
595, 389
598, 388
596, 391
598, 391
601, 391
604, 388
608, 386
614, 386
618, 387
621, 388
627, 387
632, 387
635, 386
636, 386
637, 386
637, 386
637, 387
636, 387
636, 386
635, 387
631, 389
627, 388
621, 390
615, 391
611, 392
614, 387
608, 388
608, 389
621, 393
617, 392
606, 392
590, 390
589, 391
588, 392
582, 392
579, 391
588, 398
594, 399
589, 393
589, 390
591, 390
591, 390
590, 392
591, 392
590, 392
590, 389
589, 387
588, 386
587, 384
589, 382
589, 380
592, 378
591, 381
597, 379
590, 378
588, 377
588, 375
590, 371
589, 370
592, 370
592, 369
592, 368
591, 370
591, 371
591, 371
591, 372
593, 372
600, 371
600, 373
602, 373
594, 376
603, 379
594, 381
591, 380
592, 383
593, 387
593, 390
593, 394
594, 399
593, 399
592, 400
592, 402
591, 401
592, 405
590, 409
591, 412
592, 412
591, 414
593, 420
592, 426
588, 430
590, 438
589, 439
592, 441
592, 442
591, 439
589, 435
589, 434
588, 430
588, 427
589, 420
585, 411
587, 406
588, 407
596, 406
586, 398
587, 391
590, 386
589, 385
589, 385
587, 384
591, 385
591, 384
593, 381
592, 378
591, 375
589, 376
588, 375
599, 386
598, 384
592, 381
