648, 428
650, 426
650, 433
647, 430
646, 425
647, 425
645, 425
646, 422
643, 417
645, 415
646, 417
648, 419
643, 422
641, 424
639, 427
636, 426
634, 429
632, 428
628, 429
623, 430
622, 428
617, 428
608, 427
597, 424
594, 428
591, 429
588, 431
583, 433
582, 434
584, 435
587, 430
589, 434
587, 437
591, 430
593, 428
598, 430
604, 433
611, 430
616, 430
622, 430
624, 428
628, 428
634, 430
638, 431
644, 437
645, 443
644, 451
647, 452
651, 449
655, 445
659, 428
659, 427
660, 422
662, 420
663, 419
670, 419
676, 418
678, 418
683, 418
689, 414
693, 421
694, 417
695, 420
694, 421
695, 421
695, 420
695, 420
695, 420
693, 420
687, 418
683, 419
679, 414
674, 420
670, 421
665, 427
667, 430
664, 431
659, 432
653, 438
646, 446
645, 450
644, 447
636, 455
632, 453
626, 442
632, 441
640, 442
645, 447
644, 454
645, 451
644, 454
646, 455
646, 452
645, 455
644, 453
643, 450
643, 445
642, 444
643, 439
642, 432
642, 424
640, 403
635, 397
635, 395
634, 393
637, 386
637, 384
634, 380
637, 378
637, 381
640, 382
638, 382
639, 382
639, 383
640, 387
642, 391
641, 392
643, 396
642, 400
644, 406
643, 408
642, 412
642, 418
645, 421
644, 427
646, 433
646, 438
645, 444
645, 446
649, 447
648, 455
647, 463
648, 470
647, 491
644, 496
643, 501
642, 503
639, 509
639, 515
640, 521
641, 525
643, 527
643, 528
644, 526
642, 523
640, 520
641, 516
641, 512
640, 507
635, 497
635, 487
633, 481
636, 476
635, 470
637, 462
637, 457
642, 457
642, 451
641, 446
642, 427
645, 426
647, 423
644, 416
644, 414
642, 411
642, 411
646, 412
649, 415
649, 416
