15.5733
5.9663
6.8894
9.1484
9.1723
9.2230
9.1224
9.1650
9.2641
9.1308
9.1501
9.2069
9.1528
9.1859
9.2413
9.1884
9.1714
9.2581
9.1356
9.1499
9.2309
9.1504
9.1368
9.2434
9.1510
8.1031
7.2702
8.8154
7.6247
8.5258
5.5033
6.2725
9.2388
8.7863
9.1612
9.2687
9.1742
9.1718
9.3182
9.1929
9.1898
9.2243
7.9865
7.2174
8.8625
7.4923
8.4308
9.2899
7.6620
6.4624
7.6083
8.5838
8.1291
9.3080
9.2055
9.1984
9.2932
9.1979
9.2117
6.1117
9.0854
9.6484
9.2938
9.2003
9.1967
9.3034
9.1196
9.1383
9.2640
9.1602
9.1479
9.2515
9.1371
9.1479
9.2291
9.1236
9.1430
8.8214
7.7355
8.3868
9.2268
9.1672
9.1407
9.2929
9.1259
9.1820
9.2509
9.1637
9.1340
9.2482
9.1503
9.1790
8.9127
9.1811
9.1825
9.2712
9.1548
9.1330
9.2337
9.1585
9.1469
9.3108
9.1449
9.1828
9.2668
9.2021
9.1397
9.2316
9.1475
5.5193
5.8536
9.4591
8.3886
8.8773
9.1856
9.1732
9.2798
9.2085
9.2243
9.3306
9.2295
9.1819
9.2753
9.1725
9.2034
9.2929
9.1554
9.2529
6.1442
9.6520
9.1269
9.2636
9.1954
9.2974
9.2343
9.1642
9.1552
9.2305
9.1536
9.1503
7.0727
7.4637
6.1544
9.6828
9.1903
9.1290
9.2686
9.1822
9.1951
9.2676
9.1846
9.2066
9.2923
9.1845
8.7952
9.2866
9.1424
9.1806
9.2891
9.1162
9.1915
9.2625
9.1469
9.1780
9.2682
8.2071
8.7756
8.5241
9.2054
