657, 288
658, 289
658, 290
657, 291
657, 291
657, 291
657, 293
657, 292
658, 291
658, 287
657, 283
657, 277
657, 274
657, 271
656, 270
656, 266
654, 265
655, 265
656, 265
657, 266
657, 266
655, 265
650, 265
647, 265
646, 264
644, 265
641, 266
639, 267
636, 266
634, 265
636, 265
635, 266
635, 265
634, 266
634, 269
632, 272
631, 275
628, 278
627, 281
628, 284
626, 290
626, 293
625, 297
626, 302
624, 306
624, 310
624, 315
623, 321
624, 325
623, 327
622, 329
622, 330
622, 330
622, 331
620, 332
620, 333
620, 333
620, 334
622, 334
624, 336
627, 337
631, 338
632, 340
635, 339
640, 338
644, 338
647, 338
649, 340
653, 339
656, 340
658, 342
662, 340
666, 342
670, 342
676, 340
680, 337
683, 337
685, 337
686, 335
687, 336
687, 335
686, 335
684, 333
683, 333
684, 330
683, 327
682, 323
683, 319
683, 316
682, 313
680, 307
679, 301
678, 292
677, 286
676, 284
675, 281
673, 277
672, 273
672, 270
670, 267
669, 265
670, 265
671, 266
671, 265
671, 266
669, 268
665, 271
662, 272
660, 273
658, 274
654, 275
650, 275
649, 276
647, 275
644, 275
640, 275
637, 276
636, 277
638, 277
641, 276
644, 278
645, 277
647, 277
647, 278
648, 281
649, 287
650, 292
651, 296
650, 302
652, 303
653, 308
654, 313
653, 319
653, 320
653, 322
