635, 269
636, 270
635, 270
633, 270
632, 271
631, 271
633, 270
633, 270
633, 269
633, 268
633, 265
632, 262
631, 259
631, 258
631, 257
631, 255
630, 255
630, 256
630, 255
630, 255
631, 254
629, 255
627, 256
626, 255
627, 256
625, 255
625, 256
624, 255
623, 255
622, 255
622, 256
622, 256
622, 256
622, 256
622, 258
622, 259
620, 261
618, 262
617, 264
616, 266
614, 268
612, 271
610, 273
610, 275
609, 278
608, 281
606, 285
605, 288
605, 289
605, 292
604, 293
604, 294
604, 296
603, 295
602, 297
602, 297
602, 297
603, 298
605, 298
608, 299
609, 300
611, 301
613, 301
616, 300
620, 300
624, 299
624, 298
626, 298
628, 298
631, 299
635, 299
641, 301
640, 299
644, 299
648, 299
651, 299
654, 297
657, 296
657, 296
657, 296
658, 296
662, 297
661, 296
654, 295
656, 291
654, 287
654, 285
653, 282
652, 276
649, 273
647, 271
646, 269
644, 267
644, 264
643, 262
642, 261
640, 260
639, 257
637, 256
636, 255
636, 254
637, 254
637, 254
638, 254
638, 254
636, 255
634, 256
632, 257
631, 259
630, 260
628, 259
627, 260
625, 260
624, 261
623, 260
622, 261
619, 260
619, 261
620, 260
621, 260
623, 261
625, 265
624, 263
624, 263
624, 264
626, 266
627, 268
628, 270
628, 273
630, 275
629, 277
630, 279
630, 281
630, 282
629, 283
