17.2106
5.9895
7.2377
5.3889
7.1448
8.9991
8.6956
9.0588
7.2143
5.6571
8.9465
8.6744
9.0672
9.0759
9.0882
9.0800
9.0607
5.4239
5.8157
8.8511
8.6940
9.0889
9.0798
9.0821
9.0922
9.0782
6.0867
7.1428
8.9526
9.1328
7.2825
5.7634
8.7798
8.3200
9.0951
9.1032
7.3049
5.4782
8.3465
9.0875
9.1181
9.1029
7.6342
5.8537
8.4094
9.0517
9.9293
8.6784
9.0721
7.1876
5.7863
8.7456
8.3326
7.3480
5.8502
8.1463
8.7633
9.0884
9.0738
7.1667
5.6989
9.0187
8.6599
7.1304
5.7947
8.5015
6.2759
8.3789
9.1021
6.9030
7.9980
9.5365
9.0474
9.1133
9.0641
8.4759
8.3249
9.0949
6.9555
8.7028
6.8108
8.4859
8.3131
9.0780
7.0094
8.6829
6.8754
8.3657
8.3174
9.0765
9.0634
7.1675
8.6718
7.0990
8.7247
7.1131
8.6809
7.1384
8.7033
7.0594
8.6980
7.0627
8.7052
6.6389
8.4911
7.0113
8.6842
6.9935
8.3686
8.7060
9.0870
7.4833
5.9188
8.4729
7.9786
9.1124
7.2148
5.7549
8.9547
8.3189
9.0600
9.1670
7.1865
5.6407
8.9846
8.7837
9.1209
9.0968
7.1822
5.7554
7.9931
8.3265
6.9722
8.3124
8.6688
