645, 315
643, 312
644, 309
643, 310
642, 310
643, 312
643, 315
644, 319
642, 325
641, 327
640, 326
639, 328
639, 326
638, 324
639, 326
639, 326
637, 325
629, 324
618, 322
613, 321
609, 321
605, 318
601, 318
597, 317
588, 316
582, 316
576, 317
570, 320
569, 324
565, 326
562, 328
559, 332
561, 332
563, 331
563, 330
566, 332
570, 332
574, 332
579, 331
582, 330
585, 330
590, 329
597, 328
602, 329
606, 327
611, 330
614, 329
617, 330
617, 329
618, 331
620, 331
623, 331
625, 331
628, 334
632, 335
638, 336
643, 335
650, 336
658, 334
660, 335
665, 336
674, 335
682, 336
688, 336
689, 337
690, 336
693, 337
697, 337
701, 337
703, 340
703, 341
700, 343
694, 344
690, 343
685, 343
681, 348
678, 338
673, 338
668, 339
662, 340
656, 340
652, 340
648, 338
647, 340
644, 340
641, 344
638, 346
637, 345
636, 346
634, 346
633, 344
633, 342
634, 342
636, 341
635, 341
635, 340
637, 339
636, 340
635, 338
635, 339
