649, 319
648, 317
647, 315
646, 315
645, 316
647, 317
649, 320
647, 323
646, 328
646, 331
646, 329
645, 329
644, 328
644, 328
642, 328
643, 329
641, 329
629, 329
619, 329
614, 328
609, 327
604, 325
598, 325
593, 324
585, 322
578, 324
574, 323
571, 325
569, 328
566, 329
563, 330
560, 332
562, 331
563, 332
564, 333
567, 333
570, 333
574, 333
578, 334
579, 332
583, 331
588, 331
595, 333
600, 334
604, 333
609, 333
613, 334
616, 333
616, 334
619, 334
623, 335
628, 336
631, 336
633, 337
639, 337
645, 337
652, 337
659, 337
665, 333
669, 335
672, 334
677, 335
684, 336
687, 335
688, 335
690, 336
693, 335
696, 336
700, 336
702, 339
701, 339
700, 339
696, 341
692, 339
688, 337
684, 338
681, 337
678, 337
673, 339
668, 340
663, 343
657, 341
654, 342
652, 342
648, 345
645, 346
641, 348
640, 348
639, 347
636, 347
636, 345
636, 343
636, 344
637, 344
638, 343
640, 341
640, 340
640, 341
639, 340
639, 340
