636, 361
636, 361
636, 361
636, 361
637, 361
637, 361
637, 359
638, 357
639, 356
641, 353
641, 353
640, 356
639, 360
639, 363
638, 371
638, 371
638, 369
638, 368
639, 367
640, 365
640, 365
645, 366
650, 367
655, 368
666, 371
666, 371
671, 371
676, 371
681, 371
692, 371
692, 371
696, 371
701, 371
705, 371
715, 371
715, 371
713, 371
711, 371
710, 371
707, 372
707, 372
700, 372
693, 372
687, 373
674, 374
674, 374
668, 372
662, 371
656, 370
644, 368
644, 368
641, 368
639, 369
637, 369
633, 371
633, 371
634, 371
636, 371
638, 371
642, 372
642, 372
633, 373
624, 374
616, 375
599, 377
599, 377
588, 376
577, 375
566, 375
545, 374
545, 374
542, 374
539, 374
537, 374
532, 375
532, 375
534, 375
536, 375
538, 375
543, 375
543, 375
550, 375
558, 375
566, 376
582, 377
582, 377
588, 376
595, 375
601, 374
615, 372
615, 372
622, 372
630, 372
638, 373
654, 374
654, 374
651, 374
648, 374
645, 374
639, 375
647, 374
