651, 320
650, 319
650, 318
649, 317
649, 316
649, 316
648, 319
647, 323
647, 327
646, 335
646, 335
646, 334
646, 333
646, 332
647, 331
647, 331
640, 329
633, 327
626, 326
613, 323
613, 323
607, 322
602, 322
597, 322
587, 322
587, 322
581, 323
576, 325
571, 327
561, 331
561, 331
560, 331
559, 331
558, 331
557, 332
557, 332
562, 332
567, 332
572, 333
582, 334
582, 334
586, 334
591, 334
596, 334
606, 335
606, 335
609, 335
612, 335
615, 336
622, 337
622, 337
625, 337
628, 338
631, 339
638, 341
638, 341
644, 340
650, 340
657, 339
670, 339
670, 339
676, 339
683, 339
689, 340
703, 341
703, 341
706, 341
710, 341
713, 341
721, 342
721, 342
715, 342
710, 342
705, 342
695, 343
695, 343
690, 343
685, 343
680, 343
671, 343
671, 343
667, 343
664, 344
660, 345
654, 347
654, 347
651, 347
648, 347
645, 347
639, 348
639, 348
639, 347
639, 346
639, 346
640, 345
640, 345
640, 344
640, 343
641, 342
642, 340
642, 340
