651, 435
649, 434
648, 433
646, 432
644, 430
644, 430
643, 427
643, 424
642, 422
642, 417
642, 417
641, 419
640, 421
639, 423
637, 428
637, 428
633, 427
629, 427
625, 427
618, 427
618, 427
611, 428
605, 429
599, 430
587, 433
587, 433
582, 432
578, 432
574, 432
566, 432
566, 432
570, 433
574, 434
578, 435
587, 438
587, 438
593, 437
599, 436
606, 436
619, 435
619, 435
622, 435
625, 435
629, 435
636, 436
636, 436
640, 436
644, 436
648, 436
657, 436
657, 436
660, 435
663, 434
667, 434
674, 433
674, 433
679, 433
685, 433
691, 433
703, 434
703, 434
704, 433
705, 433
706, 432
708, 432
708, 432
705, 433
702, 434
699, 435
694, 438
694, 438
688, 438
683, 438
677, 438
667, 439
667, 439
662, 439
657, 439
653, 439
644, 440
644, 440
639, 439
635, 439
631, 439
623, 439
623, 439
626, 439
629, 439
632, 440
638, 441
638, 441
638, 440
639, 440
639, 440
641, 440
641, 440
640, 435
640, 430
639, 425
639, 416
639, 416
638, 412
637, 409
636, 406
635, 400
635, 400
635, 397
635, 394
635, 391
636, 385
636, 385
636, 387
636, 389
637, 392
638, 397
638, 397
638, 401
639, 405
640, 410
642, 419
642, 419
641, 422
641, 425
641, 429
641, 436
641, 436
641, 439
642, 443
642, 446
644, 454
644, 454
643, 460
643, 467
642, 474
642, 488
642, 488
642, 494
642, 500
642, 507
642, 520
642, 520
642, 519
642, 518
642, 518
642, 517
642, 517
640, 510
639, 504
638, 497
636, 485
636, 485
636, 476
636, 468
636, 459
636, 443
636, 443
636, 440
637, 437
637, 434
639, 429
639, 429
638, 426
637, 424
636, 421
634, 417
634, 417
636, 419
639, 422
642, 425
