584, 328
584, 327
584, 327
585, 326
586, 326
586, 326
586, 326
586, 326
586, 326
587, 326
587, 326
587, 326
587, 326
587, 326
588, 327
588, 327
586, 327
585, 328
584, 329
582, 331
582, 331
583, 331
584, 331
585, 332
588, 333
588, 333
587, 331
587, 329
586, 328
586, 325
586, 325
586, 321
587, 318
588, 314
590, 308
590, 308
589, 309
588, 310
587, 312
586, 315
586, 315
591, 313
596, 311
601, 309
612, 306
612, 306
612, 307
613, 308
613, 309
615, 312
615, 312
614, 312
613, 312
612, 313
611, 314
611, 314
612, 318
614, 323
615, 328
619, 338
619, 338
618, 343
618, 348
618, 353
618, 363
618, 363
618, 361
618, 360
618, 358
619, 356
619, 356
611, 356
603, 356
595, 357
579, 358
579, 358
572, 357
566, 357
560, 357
548, 357
548, 357
548, 357
548, 357
548, 358
548, 359
548, 359
547, 356
547, 353
547, 350
547, 345
547, 345
548, 340
549, 335
551, 330
554, 320
554, 320
556, 316
558, 313
561, 310
566, 304
566, 304
566, 304
566, 304
566, 305
567, 306
567, 306
571, 305
576, 305
581, 304
591, 304
591, 304
591, 305
592, 306
593, 308
595, 311
595, 311
593, 310
592, 310
591, 310
589, 310
589, 310
589, 314
590, 319
590, 323
592, 333
592, 333
592, 334
592, 336
592, 338
592, 342
592, 342
591, 338
590, 335
590, 332
589, 326
589, 326
589, 329
590, 332
591, 335
