622, 362
622, 361
623, 361
624, 360
626, 360
626, 360
626, 360
626, 360
627, 361
628, 362
628, 362
628, 364
629, 366
630, 369
632, 374
632, 374
631, 375
631, 376
630, 378
630, 381
630, 381
630, 381
630, 381
630, 381
630, 381
630, 381
629, 377
628, 373
628, 369
627, 361
627, 361
626, 355
626, 349
626, 343
626, 331
626, 331
625, 332
624, 333
624, 335
623, 338
623, 338
632, 337
642, 337
652, 337
672, 337
672, 337
672, 337
673, 338
673, 339
675, 341
675, 341
674, 340
674, 340
674, 340
674, 340
674, 340
675, 348
677, 356
678, 364
682, 381
682, 381
682, 389
682, 397
682, 406
682, 423
682, 423
681, 421
680, 420
679, 419
677, 417
677, 417
667, 417
657, 417
647, 417
627, 417
627, 417
616, 417
606, 417
596, 417
576, 417
576, 417
575, 417
575, 417
575, 417
575, 418
575, 418
574, 415
573, 412
572, 409
570, 403
570, 403
570, 393
571, 383
572, 373
574, 354
574, 354
577, 347
580, 341
584, 335
591, 323
591, 323
591, 323
591, 323
591, 324
591, 325
591, 325
600, 326
609, 327
618, 329
637, 332
637, 332
638, 332
639, 333
641, 333
644, 335
644, 335
643, 337
642, 339
641, 341
640, 346
640, 346
639, 353
639, 360
638, 368
638, 383
638, 383
638, 386
638, 389
638, 392
639, 399
639, 399
638, 397
637, 395
636, 393
635, 389
635, 389
635, 388
636, 387
637, 386
