603, 388
602, 387
601, 386
601, 385
600, 383
600, 383
599, 382
599, 381
598, 381
598, 380
598, 380
596, 382
595, 385
594, 387
592, 393
592, 393
590, 392
589, 391
587, 391
585, 390
585, 390
581, 390
577, 390
573, 390
565, 390
565, 390
562, 390
559, 391
557, 391
552, 393
552, 393
554, 393
556, 393
558, 393
563, 394
563, 394
567, 394
571, 395
575, 395
583, 397
583, 397
585, 396
587, 395
589, 394
594, 392
594, 392
595, 391
596, 391
597, 391
599, 391
599, 391
602, 390
605, 390
608, 389
614, 389
614, 389
618, 388
622, 388
626, 387
635, 387
635, 387
636, 387
637, 387
638, 388
641, 389
641, 389
639, 388
637, 388
635, 387
631, 387
631, 387
627, 388
623, 389
619, 390
611, 392
611, 392
607, 393
603, 394
599, 395
592, 397
592, 397
588, 397
585, 397
582, 398
576, 399
576, 399
579, 398
582, 397
586, 396
593, 395
593, 395
593, 393
594, 392
594, 391
596, 389
596, 389
595, 387
595, 385
594, 383
594, 380
594, 380
593, 378
593, 376
592, 374
592, 371
592, 371
592, 369
592, 368
592, 367
592, 365
592, 365
592, 366
593, 368
593, 369
595, 373
595, 373
595, 375
595, 377
595, 379
595, 384
595, 384
596, 386
597, 389
598, 392
601, 398
601, 398
599, 399
597, 400
595, 402
591, 405
591, 405
591, 408
592, 412
592, 415
594, 423
594, 423
593, 427
593, 432
592, 437
592, 447
592, 447
591, 445
591, 444
590, 443
590, 441
590, 441
589, 436
588, 431
588, 426
587, 417
587, 417
588, 413
589, 409
590, 405
592, 398
592, 398
592, 396
593, 394
593, 392
595, 388
595, 388
594, 385
594, 383
594, 380
594, 376
594, 376
595, 379
597, 382
599, 385
