646, 427
646, 427
646, 427
646, 427
646, 427
646, 427
645, 425
645, 424
644, 422
644, 420
644, 420
642, 421
640, 423
638, 425
634, 429
634, 429
630, 430
627, 431
623, 432
617, 434
617, 434
610, 433
604, 432
598, 431
586, 429
586, 429
583, 430
580, 431
577, 433
571, 436
571, 436
575, 434
579, 433
583, 432
591, 430
591, 430
597, 429
603, 429
609, 429
621, 429
621, 429
624, 429
628, 430
632, 431
640, 433
640, 433
643, 433
646, 433
649, 433
656, 434
656, 434
659, 433
662, 433
666, 432
673, 432
673, 432
679, 432
685, 432
692, 432
705, 433
705, 433
705, 432
706, 432
706, 432
708, 432
708, 432
704, 432
701, 433
697, 434
691, 436
691, 436
686, 435
681, 435
676, 434
666, 434
666, 434
659, 434
652, 435
645, 435
632, 437
632, 437
629, 437
626, 438
623, 439
618, 441
618, 441
621, 440
625, 440
629, 440
637, 440
637, 440
637, 438
637, 436
637, 434
638, 430
638, 430
637, 425
637, 421
636, 416
636, 408
636, 408
635, 405
635, 402
635, 400
635, 395
635, 395
635, 392
635, 390
636, 387
637, 383
637, 383
637, 384
638, 386
638, 388
640, 392
640, 392
639, 394
639, 397
639, 399
639, 405
639, 405
639, 410
640, 416
640, 422
642, 434
642, 434
641, 438
641, 442
640, 447
640, 456
640, 456
640, 462
641, 468
642, 474
644, 486
644, 486
644, 493
644, 500
645, 507
646, 522
646, 522
645, 521
645, 520
645, 519
645, 518
645, 518
643, 511
641, 505
640, 498
637, 486
637, 486
636, 476
636, 467
635, 458
635, 440
635, 440
634, 437
633, 434
633, 432
632, 427
632, 427
632, 424
632, 421
633, 419
634, 414
634, 414
636, 418
639, 422
642, 426
