662, 292
661, 292
660, 292
660, 293
660, 293
661, 293
662, 293
663, 293
665, 293
665, 293
664, 288
663, 284
662, 279
660, 271
660, 271
660, 270
660, 269
660, 269
660, 268
660, 268
656, 268
653, 268
649, 269
643, 270
643, 270
640, 270
638, 270
636, 271
632, 272
632, 272
632, 272
632, 273
633, 274
634, 276
634, 276
632, 279
631, 283
629, 287
627, 295
627, 295
626, 300
626, 305
626, 311
626, 322
626, 322
624, 324
623, 327
622, 329
620, 335
620, 335
619, 335
619, 335
619, 336
619, 337
619, 337
620, 338
621, 339
623, 340
626, 342
626, 342
630, 342
634, 342
639, 343
648, 344
648, 344
650, 343
653, 343
655, 342
661, 342
661, 342
666, 341
671, 340
676, 340
686, 339
686, 339
687, 338
688, 338
689, 338
692, 338
692, 338
690, 335
689, 333
688, 331
686, 327
686, 327
684, 322
682, 318
681, 313
678, 305
678, 305
677, 301
677, 297
677, 293
677, 286
677, 286
675, 283
674, 280
673, 278
671, 273
671, 273
671, 272
671, 272
671, 271
672, 271
672, 271
669, 272
666, 274
664, 275
659, 279
659, 279
656, 279
653, 279
650, 279
645, 279
645, 279
644, 278
644, 278
643, 278
643, 278
643, 278
644, 279
645, 281
647, 282
650, 286
650, 286
651, 290
653, 295
655, 299
659, 309
659, 309
658, 312
658, 315
657, 319
657, 326
657, 326
