636, 271
635, 271
635, 271
634, 271
634, 271
634, 270
634, 270
634, 269
634, 269
634, 269
633, 266
633, 263
633, 261
633, 256
633, 256
633, 255
633, 254
633, 254
634, 253
634, 253
631, 253
629, 254
627, 254
623, 256
623, 256
621, 256
620, 256
619, 256
617, 256
617, 256
618, 256
619, 257
620, 257
622, 259
622, 259
620, 261
619, 264
617, 267
615, 273
615, 273
614, 275
613, 278
613, 280
612, 286
612, 286
611, 288
610, 291
609, 294
607, 300
607, 300
606, 300
606, 300
606, 300
606, 301
606, 301
607, 301
609, 302
611, 302
615, 304
615, 304
617, 304
619, 304
621, 304
626, 304
626, 304
629, 304
632, 304
635, 304
641, 304
641, 304
644, 304
647, 304
651, 304
658, 304
658, 304
659, 303
660, 303
662, 303
665, 303
665, 303
664, 301
663, 299
662, 297
661, 293
661, 293
659, 290
657, 287
655, 284
652, 278
652, 278
650, 274
648, 271
646, 268
643, 262
643, 262
642, 260
641, 259
641, 258
640, 256
640, 256
640, 255
640, 255
641, 255
642, 255
642, 255
639, 256
636, 258
633, 260
628, 264
628, 264
626, 263
624, 262
623, 262
620, 261
620, 261
619, 261
619, 261
619, 261
619, 262
619, 262
620, 262
622, 263
624, 263
628, 265
628, 265
628, 269
628, 273
629, 277
630, 285
630, 285
630, 285
630, 286
630, 286
630, 288
630, 288
